[gd_scene load_steps=12 format=2]

[ext_resource path="res://world_objects/water.tscn" type="PackedScene" id=1]
[ext_resource path="res://player_objects/Player.tscn" type="PackedScene" id=2]
[ext_resource path="res://world_objects/IslandScene.tscn" type="PackedScene" id=3]
[ext_resource path="res://world_objects/bridge/Bridge.tscn" type="PackedScene" id=4]
[ext_resource path="res://world_objects/beach/beach.tscn" type="PackedScene" id=5]
[ext_resource path="res://world_objects/road/road.tscn" type="PackedScene" id=6]
[ext_resource path="res://player_objects/barge/Barge.tscn" type="PackedScene" id=7]
[ext_resource path="res://world_objects/train/locomotive.tscn" type="PackedScene" id=8]
[ext_resource path="res://world_objects/train/bridge1.tscn" type="PackedScene" id=9]
[ext_resource path="res://effects/target_area.tscn" type="PackedScene" id=10]
[ext_resource path="res://player_objects/Chain.tscn" type="PackedScene" id=11]

[node name="World" type="Spatial"]

[node name="props" type="Node" parent="."]

[node name="Road" parent="props" instance=ExtResource( 6 )]
transform = Transform( 1.19249e-08, 0, -1, 0, 1, 0, 1, 0, 1.19249e-08, 3.20203, 2.58626, -1.30076 )

[node name="Road2" parent="props" instance=ExtResource( 6 )]
transform = Transform( -1, 0, -3.25841e-07, 0, 1, 0, 3.25841e-07, 0, -1, -31.5848, 2.58626, 10.7833 )

[node name="Island" parent="props" instance=ExtResource( 3 )]
transform = Transform( 1, 0, 0, 0, 1, 0, 0, 0, 1, 18.6068, 1.39029, -1.8123 )

[node name="Beach" parent="props" instance=ExtResource( 5 )]
transform = Transform( 0.5, 0, 0, 0, 0.5, 0, 0, 0, 0.5, 10.75, 1.15508, -29.1696 )

[node name="Beach2" parent="props" instance=ExtResource( 5 )]
transform = Transform( 0.5, 0, 0, 0, 0.5, 0, 0, 0, 0.5, 24.0364, 1.15508, -29.1696 )

[node name="Beach3" parent="props" instance=ExtResource( 5 )]
transform = Transform( 0.5, 0, 0, 0, 0.5, 0, 0, 0, 0.5, -4.30584, 1.15508, -29.1696 )

[node name="Beach4" parent="props" instance=ExtResource( 5 )]
transform = Transform( 0.5, 0, 0, 0, 0.5, 0, 0, 0, 0.5, -17.5406, 1.15508, -29.1696 )

[node name="bridge1" parent="props" instance=ExtResource( 9 )]
transform = Transform( 1, 0, 0, 0, 1, 0, 0, 0, 1, -28.1663, 6.39924, -11.5264 )

[node name="bridge2" parent="props" instance=ExtResource( 9 )]
transform = Transform( 1, 0, 0, 0, 1, 0, 0, 0, 1, -28.1663, 6.39924, -29.8926 )

[node name="bridge3" parent="props" instance=ExtResource( 9 )]
transform = Transform( 1, 0, 0, 0, 1, 0, 0, 0, 1, -28.1663, 6.39924, 6.96347 )

[node name="bridge4" parent="props" instance=ExtResource( 9 )]
transform = Transform( 1, 0, 0, 0, 1, 0, 0, 0, 1, -28.1663, 6.39924, 25.3642 )

[node name="locomotive" parent="props" instance=ExtResource( 8 )]
transform = Transform( -4.37114e-08, 0, 1, 0, 1, 0, -1, 0, -4.37114e-08, -28.1483, 7.79586, 33.9361 )

[node name="lights" type="Node" parent="."]

[node name="DirectionalLight" type="DirectionalLight" parent="lights"]
transform = Transform( 1, 0, 0, 0, 0.3497, 0.936862, 0, -0.936862, 0.3497, 0, 19.2136, 0 )
light_color = Color( 0.917647, 0.937255, 0.596078, 1 )
light_energy = 1.08
light_indirect_energy = 0.35

[node name="cameras" type="Node" parent="."]

[node name="Camera" type="Camera" parent="cameras"]
transform = Transform( -0.0050252, -0.731092, 0.68226, -0.00538472, 0.682279, 0.731072, -0.999973, 2.09553e-09, -0.00736531, 66.5849, 67.0043, -4.9612 )
fov = 32.3
far = 200.0

[node name="Camera2" type="Camera" parent="cameras"]
transform = Transform( -0.00672276, -0.515077, 0.857117, -0.00676203, 0.857141, 0.515038, -0.999955, -0.00233338, -0.00924531, 35.566, 10, -4.961 )
fov = 56.5
far = 200.0

[node name="Water" parent="." instance=ExtResource( 1 )]

[node name="Player" parent="." instance=ExtResource( 2 )]
transform = Transform( 1, 0, 0, 0, 1, 0, 0, 0, 1, 19.8921, 0.548833, 6.46007 )

[node name="CinematicCam" type="Camera" parent="Player"]
transform = Transform( 1, -0.000366519, 0, 0.000273415, 0.745976, 0.665973, -0.000244092, -0.665973, 0.745976, -0.199, 9.902, 10.34 )
fov = 69.9

[node name="Chain" parent="." instance=ExtResource( 11 )]
transform = Transform( 1, 0, 0, 0, 1, 0, 0, 0, 1, 20.1158, 1.44747, 11.5342 )

[node name="Hook1" parent="Chain/ChainLink" index="3"]
nodes/node_b = NodePath("../../../Player")

[node name="PinJoint" parent="Chain/ChainLink5" index="2"]
nodes/node_a = NodePath("")

[node name="Barge" parent="." instance=ExtResource( 7 )]
transform = Transform( -0.63964, 0, -0.768674, 0, 1, 0, 0.768674, 0, -0.63964, 4.18621, 1.39624, 21.1214 )

[node name="TargetArea" parent="." instance=ExtResource( 10 )]
transform = Transform( 1, 0, 0, 0, 1, 0, 0, 0, 1, 15.7796, 1.38478, -15.7248 )

[node name="Bridge" parent="." instance=ExtResource( 4 )]
transform = Transform( -1.62921e-07, 0, 1, 0, 1, 0, -1, 0, -1.62921e-07, 3.28839, 0.881504, -23.7909 )

[editable path="Chain"]
[editable path="Chain/ChainLink"]
[editable path="Chain/ChainLink2"]
[editable path="Chain/ChainLink3"]
[editable path="Chain/ChainLink4"]
[editable path="Chain/ChainLink5"]
