[gd_scene load_steps=7 format=2]

[ext_resource path="res://world_objects/water.tscn" type="PackedScene" id=1]
[ext_resource path="res://player_objects/Player.tscn" type="PackedScene" id=2]
[ext_resource path="res://world_objects/IslandScene.tscn" type="PackedScene" id=3]
[ext_resource path="res://world_objects/bridge/Bridge.tscn" type="PackedScene" id=4]
[ext_resource path="res://world_objects/beach/beach.tscn" type="PackedScene" id=5]
[ext_resource path="res://world_objects/road/road.tscn" type="PackedScene" id=6]

[node name="World" type="Spatial"]

[node name="Road" parent="." instance=ExtResource( 6 )]
transform = Transform( 1.19249e-08, 0, -1, 0, 1, 0, 1, 0, 1.19249e-08, 3.20203, 2.58626, -1.30076 )

[node name="Water" parent="." instance=ExtResource( 1 )]

[node name="DirectionalLight" type="DirectionalLight" parent="."]
transform = Transform( 1, 0, 0, 0, 0.3497, 0.936862, 0, -0.936862, 0.3497, 0, 19.2136, 0 )
light_color = Color( 0.917647, 0.937255, 0.596078, 1 )
light_energy = 1.08
light_indirect_energy = 0.35

[node name="Player" parent="." instance=ExtResource( 2 )]
transform = Transform( 1, 0, 0, 0, 1, 0, 0, 0, 1, 4.90744, 0.548833, 7.75882 )

[node name="CinematicCam" type="Camera" parent="."]
transform = Transform( -0.50185, 0.0435523, 0.863858, 0.000369295, 0.998742, -0.0501381, -0.864955, -0.0248428, -0.501235, 28.824, 3.67924, -29.5539 )

[node name="Camera" type="Camera" parent="."]
transform = Transform( -0.0050252, -0.731092, 0.68226, -0.00538472, 0.682279, 0.731072, -0.999973, 2.09553e-09, -0.00736531, 30.5807, 18.509, -4.9612 )

[node name="Island" parent="." instance=ExtResource( 3 )]
transform = Transform( 1, 0, 0, 0, 1, 0, 0, 0, 1, 18.6068, 1.39029, -1.8123 )

[node name="Bridge" parent="." instance=ExtResource( 4 )]
transform = Transform( -1.62921e-07, 0, 1, 0, 1, 0, -1, 0, -1.62921e-07, 3.28839, 0.881504, -23.7909 )
raised = true

[node name="Beach" parent="." instance=ExtResource( 5 )]
transform = Transform( 0.5, 0, 0, 0, 0.5, 0, 0, 0, 0.5, 10.75, 1.15508, -29.1696 )

[node name="Beach2" parent="." instance=ExtResource( 5 )]
transform = Transform( 0.5, 0, 0, 0, 0.5, 0, 0, 0, 0.5, 24.0364, 1.15508, -29.1696 )

[node name="Beach3" parent="." instance=ExtResource( 5 )]
transform = Transform( 0.5, 0, 0, 0, 0.5, 0, 0, 0, 0.5, -4.30584, 1.15508, -29.1696 )

[node name="Beach4" parent="." instance=ExtResource( 5 )]
transform = Transform( 0.5, 0, 0, 0, 0.5, 0, 0, 0, 0.5, -17.5406, 1.15508, -29.1696 )
