[gd_scene load_steps=17 format=2]

[ext_resource path="res://levels/LevelTemplate.tscn" type="PackedScene" id=1]
[ext_resource path="res://player_objects/barge/Barge.tscn" type="PackedScene" id=2]
[ext_resource path="res://world_objects/warehouse/WarehouseCargoDispenser.tscn" type="PackedScene" id=3]
[ext_resource path="res://levels/2Tutorial.gd" type="Script" id=4]
[ext_resource path="res://interfaces/message.tscn" type="PackedScene" id=5]
[ext_resource path="res://world_objects/harbor_props/harbor_base.tscn" type="PackedScene" id=6]
[ext_resource path="res://world_objects/harbor_props/fuel_tank.tscn" type="PackedScene" id=7]
[ext_resource path="res://world_objects/harbor_props/street_lamp.tscn" type="PackedScene" id=8]
[ext_resource path="res://world_objects/harbor_props/hydrant.tscn" type="PackedScene" id=9]
[ext_resource path="res://world_objects/harbor_props/blue_cargo.tscn" type="PackedScene" id=10]
[ext_resource path="res://world_objects/harbor_props/truck.tscn" type="PackedScene" id=11]
[ext_resource path="res://world_objects/road/road.tscn" type="PackedScene" id=12]
[ext_resource path="res://world_objects/bridge/Bridge.tscn" type="PackedScene" id=13]
[ext_resource path="res://world_objects/gameplay_objects/unload_area.tscn" type="PackedScene" id=14]
[ext_resource path="res://world_objects/harbor_props/excavator.tscn" type="PackedScene" id=15]

[sub_resource type="Curve3D" id=1]
_data = {
"points": PoolVector3Array( 0, 0, 0, 0, 0, 0, -0.988186, -5.72205e-06, -0.474322, 0, 0, 0, 0, 0, 0, -0.988186, -5.72205e-06, -0.474322, 0, 0, 0, 0, 0, 0, -0.988186, -5.72205e-06, -0.474322, 0, 0, 0, 0, 0, 0, -10.1416, 0, 4.98634, 0, 0, 0, 0, 0, 0, -21.1758, -4.76837e-06, 16.4661, 0, 0, 0, 0, 0, 0, -27.3128, -4.76837e-06, 18.9663, 0, 0, 0, 0, 0, 0, -32.1807, -4.76837e-06, 15.8789, 0, 0, 0, 0, 0, 0, -48.6339, -4.76837e-06, -1.26337, 0, 0, 0, 0, 0, 0, -51.9107, -4.76837e-06, -6.28279, 0, 0, 0, 0, 0, 0, -50.4522, -4.76837e-06, -11.681, 0, 0, 0, 0, 0, 0, -23.394, -4.76837e-06, -41.9654, 0, 0, 0, 0, 0, 0, -18.867, -4.76837e-06, -49.4472, 0, 0, 0, 0, 0, 0, -18.0336, -4.76837e-06, -55.6599, 0, 0, 0, 0, 0, 0, -19.7952, -4.76837e-06, -62.7628, 0, 0, 0, 0, 0, 0, -14.8136, -4.76837e-06, -65.282, 0, 0, 0, 0, 0, 0, -9.07444, -4.76837e-06, -61.3233, 0, 0, 0, 0, 0, 0, -12.0103, -4.76837e-06, -55.4326, 0, 0, 0, 0, 0, 0, -12.8816, -4.76837e-06, -47.4394, 0, 0, 0, 0, 0, 0, -15.8355, 0, -41.5684, 0, 0, 0, 0, 0, 0, -40.4773, 0, -15.8399, 0, 0, 0, 0, 0, 0, -45.1297, -4.76837e-06, -11.0181, 0, 0, 0, 0, 0, 0, -47.8194, -4.76837e-06, -5.90396, 0, 0, 0, 0, 0, 0, -44.5804, -4.76837e-06, -0.695133, 0, 0, 0, 0, 0, 0, -31.2147, -4.76837e-06, 11.2383, 0, 0, 0, 0, 0, 0, -26.2521, -4.76837e-06, 13.7386, 0, 0, 0, 0, 0, 0, -19.528, -4.76837e-06, 10.0829, 0, 0, 0, 0, 0, 0, -9.95079, 0, -1.88204, 0, 0, 0, 0, 0, 0, -0.988186, -5.72205e-06, -0.474322 ),
"tilts": PoolRealArray( 0, 0, 0, 0, 0, 0, 0, 0, 0, 0, 0, 0, 0, 0, 0, 0, 0, 0, 0, 0, 0, 0, 0, 0, 0, 0, 0, 0 )
}

[node name="EnvironmentTutorial" type="Spatial"]
script = ExtResource( 4 )

[node name="Level" parent="." instance=ExtResource( 1 )]
transform = Transform( 1, 0, 0, 0, 1, 0, 0, 0, 1, 0.0251255, 0, -0.026391 )

[node name="Message" parent="." instance=ExtResource( 5 )]

[node name="Barge" parent="." instance=ExtResource( 2 )]
transform = Transform( 0.707107, 0, 0.707107, 0, 1, 0, -0.707107, 0, 0.707107, 9.0278, 3.81797, -22.6188 )

[node name="Harbor" type="Spatial" parent="."]
transform = Transform( 0.707107, 0, 0.707107, 0, 1, 0, -0.707107, 0, 0.707107, 0, 0, 0 )

[node name="WarehouseDispenser" parent="Harbor" instance=ExtResource( 3 )]
transform = Transform( 1, 0, 0, 0, 1, 0, 0, 0, 1, 0, 5.48927, -19.532 )
drop_delay = 300

[node name="harbor_base" parent="Harbor" instance=ExtResource( 6 )]
transform = Transform( 1, 0, 0, 0, 1, 0, 0, 0, 1, 8.80034, 3.14745, -23.9194 )

[node name="harbor_base5" parent="Harbor" instance=ExtResource( 6 )]
transform = Transform( 1, 0, 0, 0, 1, 0, 0, 0, 1, -29.8832, 3.14745, 4.0037 )

[node name="harbor_base6" parent="Harbor" instance=ExtResource( 6 )]
transform = Transform( 1, 0, 0, 0, 1, 0, 0, 0, 1, -42.387, 3.14745, 4.06382 )

[node name="harbor_base9" parent="Harbor" instance=ExtResource( 6 )]
transform = Transform( 0.707107, 0, 0.707107, 0, 1, 0, -0.707107, 0, 0.707107, -55.5409, 3.14745, -27.3269 )

[node name="harbor_base17" parent="Harbor" instance=ExtResource( 6 )]
transform = Transform( 0.707107, 0, 0.707107, 0, 1, 0, -0.707107, 0, 0.707107, -46.9132, 3.14745, -35.9547 )

[node name="harbor_base10" parent="Harbor" instance=ExtResource( 6 )]
transform = Transform( 0.707107, 0, 0.707107, 0, 1, 0, -0.707107, 0, 0.707107, -64.375, 3.147, -18.5438 )

[node name="harbor_base11" parent="Harbor" instance=ExtResource( 6 )]
transform = Transform( 0.707107, 0, 0.707107, 0, 1, 0, -0.707107, 0, 0.707107, -73.0931, 3.14745, -9.84422 )

[node name="harbor_base12" parent="Harbor" instance=ExtResource( 6 )]
transform = Transform( 0.707107, 0, 0.707107, 0, 1, 0, -0.707107, 0, 0.707107, -81.9221, 3.14745, -1.03701 )

[node name="harbor_base13" parent="Harbor" instance=ExtResource( 6 )]
transform = Transform( 0.715522, 0, -0.69859, 0, 1, 0, 0.69859, 0, 0.715522, -46.7604, 3.14745, 33.8543 )

[node name="harbor_base14" parent="Harbor" instance=ExtResource( 6 )]
transform = Transform( 0.715522, 0, -0.69859, 0, 1, 0, 0.69859, 0, 0.715522, -55.6487, 3.147, 25.126 )

[node name="harbor_base15" parent="Harbor" instance=ExtResource( 6 )]
transform = Transform( 0.715522, 0, -0.69859, 0, 1, 0, 0.69859, 0, 0.715522, -64.452, 3.14745, 16.5127 )

[node name="harbor_base18" parent="Harbor" instance=ExtResource( 6 )]
transform = Transform( -0.679057, 0, -0.734086, 0, 1, 0, 0.734086, 0, -0.679057, -55.5409, 3.14745, 25.7651 )

[node name="harbor_base19" parent="Harbor" instance=ExtResource( 6 )]
transform = Transform( -0.679057, 0, -0.734086, 0, 1, 0, 0.734086, 0, -0.679057, -47.0553, 3.147, 16.6448 )

[node name="harbor_base20" parent="Harbor" instance=ExtResource( 6 )]
transform = Transform( -0.679057, 0, -0.734086, 0, 1, 0, 0.734086, 0, -0.679057, -38.6823, 3.14745, 7.61263 )

[node name="harbor_base16" parent="Harbor" instance=ExtResource( 6 )]
transform = Transform( 0.715522, 0, -0.69859, 0, 1, 0, 0.69859, 0, 0.715522, -73.3643, 3.14745, 7.7897 )

[node name="harbor_base2" parent="Harbor" instance=ExtResource( 6 )]
transform = Transform( 1, 0, 0, 0, 1, 0, 0, 0, 1, 21.3916, 3.14745, -23.9194 )

[node name="harbor_base3" parent="Harbor" instance=ExtResource( 6 )]
transform = Transform( 1, 0, 0, 0, 1, 0, 0, 0, 1, 33.993, 3.14745, -23.8544 )

[node name="harbor_base4" parent="Harbor" instance=ExtResource( 6 )]
transform = Transform( 9.102, 0, 0, 0, 1, 0, 0, 0, 3.979, 0.279531, 3.14745, -54.9226 )

[node name="fuel_tank" parent="Harbor" instance=ExtResource( 7 )]
transform = Transform( -4.37114e-08, 0, 1, 0, 1, 0, -1, 0, -4.37114e-08, 5.27792, 6.06145, -23.9265 )

[node name="fuel_tank2" parent="Harbor" instance=ExtResource( 7 )]
transform = Transform( -4.37114e-08, 0, 1, 0, 1, 0, -1, 0, -4.37114e-08, 8.99005, 6.06145, -23.9265 )

[node name="hydrant" parent="Harbor" instance=ExtResource( 9 )]
transform = Transform( 1, 0, 0, 0, 1, 0, 0, 0, 1, 5.63684, 3.76221, -23.6488 )

[node name="hydrant2" parent="Harbor" instance=ExtResource( 9 )]
transform = Transform( 1, 0, 0, 0, 1, 0, 0, 0, 1, -3.88603, 3.76221, -23.7608 )

[node name="street_lamp" parent="Harbor" instance=ExtResource( 8 )]
transform = Transform( 1, 0, 0, 0, 1, 0, 0, 0, 1, 6.93868, 5.0893, -21.2924 )

[node name="street_lamp2" parent="Harbor" instance=ExtResource( 8 )]
transform = Transform( 1, 0, 0, 0, 1, 0, 0, 0, 1, 6.93868, 5.0893, -26.9927 )

[node name="blue_cargo" parent="Harbor" instance=ExtResource( 10 )]
transform = Transform( 1, 0, 0, 0, 1, 0, 0, 0, 1, 21.1427, 6.01892, -27.9462 )

[node name="blue_cargo2" parent="Harbor" instance=ExtResource( 10 )]
transform = Transform( 0.999054, 0, -0.0434799, 0, 1, 0, 0.0434799, 0, 0.999054, 21.1427, 8.09089, -27.9462 )

[node name="blue_cargo4" parent="Harbor" instance=ExtResource( 10 )]
transform = Transform( -0.980731, 0, -0.195364, 0, 1, 0, 0.195364, 0, -0.980731, 20.8673, 6.01892, -42.1863 )

[node name="blue_cargo5" parent="Harbor" instance=ExtResource( 10 )]
transform = Transform( -0.988297, 0, -0.152537, 0, 1, 0, 0.152537, 0, -0.988297, 20.8673, 8.09089, -42.1863 )

[node name="blue_cargo6" parent="Harbor" instance=ExtResource( 10 )]
transform = Transform( 0.398525, 0, -0.917158, 0, 1, 0, 0.917158, 0, 0.398525, 12.731, 6.01892, -47.7061 )

[node name="blue_cargo7" parent="Harbor" instance=ExtResource( 10 )]
transform = Transform( 0.35827, 0, -0.933618, 0, 1, 0, 0.933618, 0, 0.35827, 12.731, 8.09089, -47.7061 )

[node name="blue_cargo8" parent="Harbor" instance=ExtResource( 10 )]
transform = Transform( 0.398525, 0, -0.917158, 0, 1, 0, 0.917158, 0, 0.398525, 8.78678, 6.01892, -46.9252 )

[node name="blue_cargo9" parent="Harbor" instance=ExtResource( 10 )]
transform = Transform( 0.35827, 0, -0.933618, 0, 1, 0, 0.933618, 0, 0.35827, 8.78678, 8.09089, -46.9252 )

[node name="blue_cargo3" parent="Harbor" instance=ExtResource( 10 )]
transform = Transform( 0.963663, 0, -0.267121, 0, 1, 0, 0.267121, 0, 0.963663, 21.1427, 6.01892, -24.3318 )

[node name="truck" parent="Harbor" instance=ExtResource( 11 )]
transform = Transform( 0.611002, 0, 0.791629, 0, 1, 0, -0.791629, 0, 0.611002, 12.8816, 6.10287, -26.3926 )

[node name="truck2" parent="Harbor" instance=ExtResource( 11 )]
transform = Transform( 0.999998, 0, -0.00200701, 0, 1, 0, 0.00200701, 0, 0.999998, 31.6912, 6.10287, -38.8102 )

[node name="truck3" parent="Harbor" instance=ExtResource( 11 )]
transform = Transform( 0.999998, 0, -0.00200701, 0, 1, 0, 0.00200701, 0, 0.999998, 30.8497, 6.10287, -41.692 )

[node name="truck4" parent="Harbor" instance=ExtResource( 11 )]
transform = Transform( 0.999998, 0, -0.00200701, 0, 1, 0, 0.00200701, 0, 0.999998, 29.8625, 6.10287, -44.8775 )

[node name="Road" parent="Harbor" instance=ExtResource( 12 )]
transform = Transform( -2.99998, 0, 0.0113102, 0, 3, 0, -0.0113102, 0, -2.99998, 16.9101, 4.6828, -32.8326 )

[node name="Bridge" parent="Harbor" instance=ExtResource( 13 )]
transform = Transform( 0.0131943, 0, 1.99996, 0, 2, 0, -1.99996, 0, 0.0131943, -25.4423, 0.99794, -17.9382 )

[node name="Unload" parent="." instance=ExtResource( 14 )]
transform = Transform( 0.999739, 0, 0.0228444, 0, 1, 0, -0.0228444, 0, 0.999739, -33.6421, 1.68454, 45.2754 )

[node name="VehiclesMisc" type="Spatial" parent="."]

[node name="Path" type="Path" parent="VehiclesMisc"]
transform = Transform( 0.707107, 0, 0.707107, 0, 1, 0, -0.707107, 0, 0.707107, -16.5704, 6.07549, 25.8236 )
curve = SubResource( 1 )

[node name="PathFollow" type="PathFollow" parent="VehiclesMisc/Path"]
transform = Transform( 0.512329, 4.61043e-07, -0.858787, -1.42109e-14, 1, 5.36851e-07, 0.85879, -2.75045e-07, 0.512327, -0.988186, -5.72205e-06, -0.474322 )
rotation_mode = 4

[node name="Excavator" parent="VehiclesMisc/Path/PathFollow" instance=ExtResource( 15 )]
transform = Transform( 1, 0, -2.98023e-08, 0, 1, -1.13687e-13, 0, 0, 1, 0.891158, -0.218297, -0.00877953 )
speed = 3.0
