[gd_scene load_steps=13 format=2]

[ext_resource path="res://levels/LevelTemplate.tscn" type="PackedScene" id=1]
[ext_resource path="res://world_objects/gameplay_objects/ice_patch/ice_path.tscn" type="PackedScene" id=2]
[ext_resource path="res://world_objects/gameplay_objects/ice_patch/ice_border.tscn" type="PackedScene" id=3]
[ext_resource path="res://player_objects/barge/Barge.tscn" type="PackedScene" id=4]
[ext_resource path="res://world_objects/ice_props/igloo_mesh.tscn" type="PackedScene" id=5]
[ext_resource path="res://world_objects/gameplay_objects/unload_area.tscn" type="PackedScene" id=6]
[ext_resource path="res://audio/music/MusicPlayer.tscn" type="PackedScene" id=7]
[ext_resource path="res://world_objects/ice_props/icy_harbor.tscn" type="PackedScene" id=8]
[ext_resource path="res://world_objects/ice_props/fireplace.tscn" type="PackedScene" id=9]
[ext_resource path="res://world_objects/ice_props/snow_tree.tscn" type="PackedScene" id=10]
[ext_resource path="res://levels/level1.gd" type="Script" id=11]

[sub_resource type="Curve3D" id=1]
_data = {
"points": PoolVector3Array( 0, 0, 0, 0, 0, 0, 0.696946, -5.96046e-06, 10.4643, 0, 0, 0, 0, 0, 0, 0.20115, -5.96046e-06, 14.9761, 0, 0, 0, 0, 0, 0, -2.32745, -5.96046e-06, 17.6039, 0, 0, 0, 0, 0, 0, -6.19472, -5.96046e-06, 18.9425, 0, 0, 0, 0, 0, 0, -9.86367, -5.96046e-06, 18.6946, 0, 0, 0, 0, 0, 0, -12.1444, -5.96046e-06, 17.6039, 0, 0, 0, 0, 0, 0, -14.1276, -5.96046e-06, 14.9761, 0, 0, 0, 0, 0, 0, -15.2184, -5.96046e-06, 11.1584, 0, 0, 0, 0, 0, 0, -14.1276, -5.96046e-06, 8.53067, 0, 0, 0, 0, 0, 0, -11.7973, -5.96046e-06, 6.10123, 0, 0, 0, 0, 0, 0, -3.76528, -5.96046e-06, 5.65501, 0, 0, 0, 0, 0, 0, 0.696946, -5.96046e-06, 10.4643 ),
"tilts": PoolRealArray( 0, 0, 0, 0, 0, 0, 0, 0, 0, 0, 0, 0 )
}

[node name="Level1" type="Spatial"]
script = ExtResource( 11 )

[node name="LevelBorders" type="Spatial" parent="."]

[node name="ice_border" parent="LevelBorders" instance=ExtResource( 3 )]
transform = Transform( 10, 0, 0, 0, 10, 0, 0, 0, 10, -43.5715, 4.03612, -43.7857 )

[node name="Level" parent="." instance=ExtResource( 1 )]

[node name="VehiclesMisc" type="Spatial" parent="."]

[node name="Path" type="Path" parent="VehiclesMisc"]
transform = Transform( 1, 0, 0, 0, 1, 0, 0, 0, 1, -46.1823, 1.91976, -17.3714 )
curve = SubResource( 1 )

[node name="PathFollow" type="PathFollow" parent="VehiclesMisc/Path"]
transform = Transform( -0.410922, 0, -0.911671, 0, 1, 0, 0.911671, 0, -0.410922, 0.696946, -5.96046e-06, 10.4643 )
rotation_mode = 0

[node name="IcePath" parent="VehiclesMisc/Path/PathFollow" instance=ExtResource( 2 )]
speed = 2.0

[node name="Path3" type="Path" parent="VehiclesMisc"]
transform = Transform( 1, 0, 0, 0, 1, 0, 0, 0, 1, -60.4615, 1.91976, -44.4919 )
curve = SubResource( 1 )

[node name="PathFollow" type="PathFollow" parent="VehiclesMisc/Path3"]
transform = Transform( -0.410922, 0, -0.911671, 0, 1, 0, 0.911671, 0, -0.410922, 0.696946, -5.96046e-06, 10.4643 )
rotation_mode = 0

[node name="IcePath" parent="VehiclesMisc/Path3/PathFollow" instance=ExtResource( 2 )]
speed = 2.0

[node name="Path4" type="Path" parent="VehiclesMisc"]
transform = Transform( 0.807918, 0, -0.589295, 0, 1, 0, 0.589295, 0, 0.807918, -79.6986, 1.91976, -23.7673 )
curve = SubResource( 1 )

[node name="PathFollow" type="PathFollow" parent="VehiclesMisc/Path4"]
transform = Transform( -0.410922, 0, -0.911671, 0, 1, 0, 0.911671, 0, -0.410922, 0.696946, -5.96046e-06, 10.4643 )
rotation_mode = 0

[node name="IcePath" parent="VehiclesMisc/Path4/PathFollow" instance=ExtResource( 2 )]
speed = 2.0

[node name="Path5" type="Path" parent="VehiclesMisc"]
transform = Transform( 0.721905, 0, -0.691992, 0, 1, 0, 0.691992, 0, 0.721905, -56.5942, 1.91976, -4.92672 )
curve = SubResource( 1 )

[node name="PathFollow" type="PathFollow" parent="VehiclesMisc/Path5"]
transform = Transform( -0.410922, 0, -0.911671, 0, 1, 0, 0.911671, 0, -0.410922, 0.696946, -5.96046e-06, 10.4643 )
rotation_mode = 0

[node name="IcePath" parent="VehiclesMisc/Path5/PathFollow" instance=ExtResource( 2 )]
speed = 2.0

[node name="Path7" type="Path" parent="VehiclesMisc"]
transform = Transform( 0.829418, 0, 0.558628, 0, 1, 0, -0.558628, 0, 0.829418, -64.7254, 1.91976, -22.2303 )
curve = SubResource( 1 )

[node name="PathFollow" type="PathFollow" parent="VehiclesMisc/Path7"]
transform = Transform( -0.410922, 0, -0.911671, 0, 1, 0, 0.911671, 0, -0.410922, 0.696946, -5.96046e-06, 10.4643 )
rotation_mode = 0

[node name="IcePath" parent="VehiclesMisc/Path7/PathFollow" instance=ExtResource( 2 )]
speed = 2.0

[node name="Path8" type="Path" parent="VehiclesMisc"]
transform = Transform( -0.0282183, 0, -0.999602, 0, 1, 0, 0.999602, 0, -0.0282183, -64.7254, 1.91976, -22.2303 )
curve = SubResource( 1 )

[node name="PathFollow" type="PathFollow" parent="VehiclesMisc/Path8"]
transform = Transform( -0.410922, 0, -0.911671, 0, 1, 0, 0.911671, 0, -0.410922, 0.696946, -5.96046e-06, 10.4643 )
rotation_mode = 0

[node name="IcePath" parent="VehiclesMisc/Path8/PathFollow" instance=ExtResource( 2 )]
speed = 2.0

[node name="Path9" type="Path" parent="VehiclesMisc"]
transform = Transform( 0.659844, 0, -0.751403, 0, 1, 0, 0.751403, 0, 0.659844, -49.2829, 1.91976, -80.6169 )
curve = SubResource( 1 )

[node name="PathFollow" type="PathFollow" parent="VehiclesMisc/Path9"]
transform = Transform( -0.410922, 0, -0.911671, 0, 1, 0, 0.911671, 0, -0.410922, 0.696946, -5.96046e-06, 10.4643 )
rotation_mode = 0

[node name="IcePath" parent="VehiclesMisc/Path9/PathFollow" instance=ExtResource( 2 )]
speed = 2.0

[node name="Path10" type="Path" parent="VehiclesMisc"]
transform = Transform( -0.0282183, 0, -0.999602, 0, 1, 0, 0.999602, 0, -0.0282183, -30.4263, 1.91976, -93.0394 )
curve = SubResource( 1 )

[node name="PathFollow" type="PathFollow" parent="VehiclesMisc/Path10"]
transform = Transform( -0.410922, 0, -0.911671, 0, 1, 0, 0.911671, 0, -0.410922, 0.696946, -5.96046e-06, 10.4643 )
rotation_mode = 0

[node name="IcePath" parent="VehiclesMisc/Path10/PathFollow" instance=ExtResource( 2 )]
transform = Transform( 0.250752, 0, 0.968051, 0, 1, 0, -0.968051, 0, 0.250752, 0, 0, 0 )
speed = 2.0

[node name="Path11" type="Path" parent="VehiclesMisc"]
transform = Transform( -0.865676, 0, -0.500605, 0, 1, 0, 0.500605, 0, -0.865676, -18.2414, 1.91976, -67.012 )
curve = SubResource( 1 )

[node name="PathFollow" type="PathFollow" parent="VehiclesMisc/Path11"]
transform = Transform( -0.410922, 0, -0.911671, 0, 1, 0, 0.911671, 0, -0.410922, 0.696946, -5.96046e-06, 10.4643 )
rotation_mode = 0

[node name="IcePath" parent="VehiclesMisc/Path11/PathFollow" instance=ExtResource( 2 )]
speed = 2.0

[node name="Barge" parent="." instance=ExtResource( 4 )]
transform = Transform( 1, 0, 0, 0, 1, 0, 0, 0, 1, 11.2477, 3.24618, 0 )

[node name="Props" type="Spatial" parent="."]

[node name="igloo_mesh" parent="Props" instance=ExtResource( 5 )]
transform = Transform( 0.0838566, 0, 0.05448, 0, 0.1, 0, -0.05448, 0, 0.0838566, -89.485, 2.83142, -47.9977 )

[node name="igloo_mesh2" parent="Props" instance=ExtResource( 5 )]
transform = Transform( -0.0692551, 0, 0.0854619, 0, 0.11, 0, -0.0854619, 0, -0.0692551, -89.485, 3.27941, -38.5194 )

[node name="Fireplace" parent="Props" instance=ExtResource( 9 )]
transform = Transform( 0.4, 0, 0, 0, 0.4, 0, 0, 0, 0.4, -85.0524, 2.98544, -43.2139 )

[node name="Spatial" parent="Props" instance=ExtResource( 10 )]
transform = Transform( 0.5, 0, 0, 0, 0.5, 0, 0, 0, 0.5, -8.78044, 8.00639, -24.8449 )

[node name="Spatial2" parent="Props" instance=ExtResource( 10 )]
transform = Transform( 0.413736, 0, 0.280753, 0, 0.5, 0, -0.280753, 0, 0.413736, -12.3131, 8.64971, -27.6039 )

[node name="Spatial3" parent="Props" instance=ExtResource( 10 )]
transform = Transform( -0.338393, 0, 0.36809, 0, 0.5, 0, -0.36809, 0, -0.338393, -14.9404, 8.64971, -27.9082 )

[node name="Spatial4" parent="Props" instance=ExtResource( 10 )]
transform = Transform( -0.106234, 0, -0.488584, 0, 0.5, 0, 0.488584, 0, -0.106234, -5.6966, 8.37894, -25.3723 )

[node name="Spatial5" parent="Props" instance=ExtResource( 10 )]
transform = Transform( 0.5, 0, 0, 0, 0.5, 0, 0, 0, 0.5, 12.9665, 4.67625, 25.2645 )

[node name="Spatial6" parent="Props" instance=ExtResource( 10 )]
transform = Transform( 0.413736, 0, 0.280753, 0, 0.5, 0, -0.280753, 0, 0.413736, 9.4338, 5.31957, 22.5056 )

[node name="Spatial7" parent="Props" instance=ExtResource( 10 )]
transform = Transform( -0.338393, 0, 0.36809, 0, 0.5, 0, -0.36809, 0, -0.338393, 6.80647, 5.31957, 22.2012 )

[node name="Spatial8" parent="Props" instance=ExtResource( 10 )]
transform = Transform( -0.106234, 0, -0.488584, 0, 0.5, 0, 0.488584, 0, -0.106234, 16.0503, 5.0488, 24.7372 )

[node name="Spatial9" parent="Props" instance=ExtResource( 10 )]
transform = Transform( -0.338393, 0, 0.36809, 0, 0.5, 0, -0.36809, 0, -0.338393, -55.1311, 10.3435, -48.2109 )

[node name="Spatial10" parent="Props" instance=ExtResource( 10 )]
transform = Transform( -0.106234, 0, -0.488584, 0, 0.5, 0, 0.488584, 0, -0.106234, -45.8873, 10.0727, -45.6749 )

[node name="Spatial11" parent="Props" instance=ExtResource( 10 )]
transform = Transform( -0.106234, 0, -0.488584, 0, 0.5, 0, 0.488584, 0, -0.106234, -85.8585, 5.70825, -77.7511 )

[node name="Unload" parent="." instance=ExtResource( 6 )]
transform = Transform( 0.956213, 0, -0.292672, 0, 1, 0, 0.292672, 0, 0.956213, 19.1373, 2.31675, -57.5885 )

[node name="MusicPlayer" parent="." instance=ExtResource( 7 )]

[node name="IcyHarbor" parent="." instance=ExtResource( 8 )]
transform = Transform( 0.1, 0, 0, 0, 0.1, 0, 0, 0, 0.1, -19.2649, 4.12722, -20.5756 )

[editable path="MusicPlayer"]
