[gd_scene load_steps=9 format=2]

[ext_resource path="res://world_objects/water.tscn" type="PackedScene" id=1]
[ext_resource path="res://player_objects/Player.tscn" type="PackedScene" id=2]
[ext_resource path="res://world_objects/beach/beach.tscn" type="PackedScene" id=3]
[ext_resource path="res://world_objects/bridge/Bridge.tscn" type="PackedScene" id=4]
[ext_resource path="res://world_objects/island/IslandScene.tscn" type="PackedScene" id=5]
[ext_resource path="res://interfaces/main_menu.tscn" type="PackedScene" id=6]
[ext_resource path="res://audio/music/MusicPlayer.tscn" type="PackedScene" id=7]
[ext_resource path="res://audio/music/The Happiness.mp3" type="AudioStream" id=8]

[node name="mm_bg" type="Spatial"]

[node name="Spatial" parent="." instance=ExtResource( 1 )]
transform = Transform( 1, 0, 0, 0, 1, 0, 0, 0, 1, 0, 0, 0 )

[node name="Camera" type="Camera" parent="."]
transform = Transform( 0.945217, 0.095399, -0.312192, 0, 0.956346, 0.292238, 0.326443, -0.276229, 0.903954, -15.593, 5.211, 29.388 )
fov = 64.5

[node name="Player" parent="." instance=ExtResource( 2 )]
transform = Transform( -0.956366, 0, 0.292171, 0, 1, 0, -0.292171, 0, -0.956366, -17.194, 1.495, 19.322 )

[node name="Beach" parent="." instance=ExtResource( 3 )]
transform = Transform( 1, 0, 0, 0, 1, 0, 0, 0, 1, -21.4096, 2.39012, 4.41787 )

[node name="Bridge" parent="." instance=ExtResource( 4 )]
transform = Transform( 1.19603, 0, -1.60297, 0, 2, 0, 1.60297, 0, 1.19603, 2.5157, 1.38194, 8.34495 )

[node name="Island" parent="." instance=ExtResource( 5 )]
transform = Transform( 1, 0, 0, 0, 1, 0, 0, 0, 1, 18.0111, 2.01517, 8.49332 )

[node name="Island2" parent="." instance=ExtResource( 5 )]
transform = Transform( -0.438826, 0, -0.898572, 0, 1, 0, 0.898572, 0, -0.438826, 18.0111, 2.01517, -9.60939 )

[node name="MusicPlayer" parent="." instance=ExtResource( 7 )]

[node name="AudioStreamPlayer" parent="MusicPlayer" index="0"]
stream = ExtResource( 8 )

[node name="CanvasLayer" type="CanvasLayer" parent="."]
follow_viewport_enable = true

[node name="CenterContainer" type="CenterContainer" parent="."]
anchor_left = 0.5
anchor_top = 0.361
anchor_right = 0.5
anchor_bottom = 0.5
margin_right = 40.0
margin_bottom = 40.0
__meta__ = {
"_edit_use_anchors_": false
}

[node name="MainMenu" parent="CenterContainer" instance=ExtResource( 6 )]
margin_right = 107.0
margin_bottom = 281.0
size_flags_horizontal = 3
size_flags_vertical = 3

[editable path="MusicPlayer"]
